# N	1059
## POS	START	ignore	ENT	ACR
1	  0	0.000	0.000	0.000
2	  4	0.000	0.000	0.000
3	  8	0.000	0.000	0.000
4	 12	0.000	0.000	0.000
5	 16	0.000	0.000	0.000
6	 20	0.000	0.000	0.000
7	 24	0.000	0.294	0.133
8	 28	0.000	0.027	0.022
9	 32	0.000	0.591	0.217
10	 36	0.000	0.624	0.027
11	 40	0.000	0.720	0.186
12	 44	0.000	0.732	0.201
13	 48	0.000	0.245	0.000
14	 52	0.000	0.216	0.001
15	 56	0.000	0.506	0.009
16	 60	0.000	0.609	0.041
17	 64	0.000	0.578	0.000
18	 68	0.000	0.571	0.000
19	 72	0.000	0.576	0.000
20	 76	0.000	0.562	0.000
21	 80	0.000	0.571	0.000
22	 84	0.000	0.580	0.000
23	 88	0.000	0.560	0.000
24	 92	0.000	0.576	0.000
25	 96	0.000	0.569	0.000
26	100	0.000	0.562	0.000
27	104	0.000	0.565	0.000
28	108	0.000	0.588	0.000
29	112	0.000	0.570	0.000
30	116	0.000	0.256	0.007
31	120	0.000	0.413	0.003
32	124	0.000	0.614	0.023
##        	TYPE	START	STOP	AVG ENT
# segment	t-1	  0	 32	0.040
# segment	t5	 32	 48	0.667
# segment	t3	 48	 56	0.230
# segment	t5	 56	 64	0.558
# segment	t5	 64	116	0.571
# segment	t3	116	120	0.256
# segment	t4	120	124	0.413
# segment	t5	124	128	0.614
